377960
37
time		2018-12-31 04:05:00	2019-02-03 21:25:00	2019-03-10 14:45:00	2019-04-14 08:05:00
size, max, min, ave, total
btc	0.8868	1.1569	1.3106	1.4268
260000	0.8874	1.0364	1.1688	1.1088
217	32
216	17
218	24
219	27
223	34
224	31
226	35
228	22
229	29
230	25
234	28
240	36
241	25
243	28
242	21
244	19
239	31
238	30
237	25
236	30
235	26
233	13
232	19
231	27
227	30
225	29
222	20
221	23
220	29
215	17
214	22
213	17
212	18
211	22
210	22
209	21
208	14
207	21
206	17
205	22
204	16
203	16
202	18
201	25
200	23
199	22
198	21
197	24
196	26
195	30
194	35
193	28
192	24
191	28
190	27
189	20
188	20
187	27
186	41
185	39
184	46
183	38
182	25
181	22
180	27
179	30
178	40
177	24
176	29
175	25
174	17
173	21
172	29
171	23
170	18
169	16
168	16
167	17
166	14
165	12
164	20
163	13
162	6
161	13
160	8
159	12
158	10
157	8
156	11
155	8
154	10
153	20
152	26
151	19
150	26
149	19
148	26
147	24
146	18
145	18
144	18
143	27
142	32
141	29
140	28
139	31
138	31
137	29
136	29
135	26
134	34
133	40
132	27
131	43
130	26
129	31
128	34
127	22
126	24
125	14
124	16
123	16
122	11
121	10
120	11
119	11
118	11
117	13
116	12
115	12
114	18
113	10
112	17
111	30
110	28
109	33
108	42
107	40
106	44
105	49
104	49
103	47
102	39
101	47
100	51
99	45
98	31
97	37
96	44
95	52
94	42
93	45
92	66
91	60
90	84
89	71
88	51
87	81
86	93
85	65
84	88
83	89
82	114
81	101
80	100
79	80
78	77
77	86
76	91
75	84
74	77
73	68
72	97
71	116
70	120
69	110
68	71
67	94
66	90
65	83
64	77
63	69
62	99
61	91
60	81
59	90
58	96
57	86
56	71
55	82
54	82
53	75
52	90
51	67
50	79
49	67
48	108
47	112
46	132
45	110
44	72
43	71
42	76
41	90
40	77
39	69
38	66
37	65
36	50
35	52
34	67
33	60
32	69
31	48
30	62
29	65
28	44
27	68
26	59
25	69
24	80
23	83
22	59
21	45
20	54
19	38
18	38
17	48
16	43
15	38
14	45
13	46
12	57
11	51
10	59
9	56
8	55
7	47
6	57
5	56
4	50
3	72
2	49
1	63
250	32
249	20
252	36
253	30
256	35
260	28
261	30
259	25
258	25
257	26
255	26
254	27
251	30
264	26
263	28
266	19
265	17
262	28
267	20
269	15
270	17
268	14
248	13
247	13
246	11
245	11
277	32
276	29
278	25
280	9
282	19
281	9
285	20
286	19
287	19
288	20
289	23
290	34
291	23
310	25
311	20
324	70
325	38
323	54
322	68
321	79
320	70
319	59
318	65
317	37
316	43
315	38
314	23
313	25
312	21
309	17
308	20
307	26
306	22
305	20
304	22
303	29
302	28
301	21
300	27
299	40
298	48
297	47
296	27
295	30
294	17
293	20
292	24
284	23
283	13
279	15
275	22
274	16
273	29
272	18
271	17
351	72
361	48
365	67
364	66
381	59
391	43
392	30
394	31
407	35
412	33
416	25
421	23
431	20
430	21
433	16
434	23
440	37
443	44
452	30
457	10
460	16
461	21
464	11
465	12
468	12
470	18
475	18
474	14
476	15
488	8
495	11
508	6
519	5
527	10
539	10
547	6
556	10
561	22
568	20
576	16
579	14
588	85
593	55
594	41
597	32
603	13
605	22
610	21
609	21
608	11
613	31
615	39
619	33
618	56
621	18
622	20
623	26
625	41
624	27
620	24
617	41
616	44
614	25
612	23
611	21
607	8
606	17
604	11
602	19
601	21
600	21
599	25
598	37
596	29
595	24
592	53
591	49
590	60
589	66
587	79
586	80
585	46
584	32
583	25
582	15
581	17
580	12
578	9
577	9
575	12
574	10
573	14
572	11
571	16
570	9
569	11
567	10
566	11
565	16
564	8
563	10
562	17
560	14
559	10
558	13
557	13
555	8
554	7
553	10
552	10
551	9
550	6
549	4
548	4
546	6
545	5
544	3
543	4
542	3
541	3
540	4
538	4
537	8
536	7
535	5
534	4
533	7
532	4
531	7
530	6
529	5
528	8
526	4
525	6
524	6
523	4
522	6
521	4
520	4
518	5
517	4
516	4
515	4
514	6
513	4
512	4
511	6
510	4
509	4
507	6
506	8
505	4
504	6
503	6
502	6
501	14
500	20
499	9
498	9
497	16
496	9
494	9
493	11
492	11
491	5
490	11
489	6
487	6
486	4
485	10
484	10
483	14
482	14
481	15
480	15
479	26
478	17
477	18
473	26
472	22
471	20
469	13
467	10
466	12
463	12
462	15
459	25
458	21
456	20
455	20
454	28
453	20
451	15
450	7
449	10
448	5
447	23
446	25
445	27
444	35
442	30
441	20
439	38
438	50
437	37
436	41
435	26
432	14
429	23
428	25
427	35
426	39
425	29
424	28
423	27
422	19
420	36
419	34
418	29
417	26
415	27
414	25
413	44
411	42
410	41
409	30
408	35
406	37
405	28
404	35
403	34
402	38
401	36
400	32
399	30
398	33
397	42
396	51
395	44
393	43
390	32
389	35
388	34
387	61
386	63
385	55
384	60
383	49
382	66
380	51
379	35
378	29
377	30
376	33
375	29
374	34
373	28
372	42
371	61
370	54
369	49
368	58
367	65
366	59
363	38
362	41
360	31
359	44
358	57
357	54
356	69
355	73
354	54
353	63
352	69
350	93
349	117
348	101
347	97
346	77
345	56
344	70
343	68
342	53
341	37
340	42
339	40
338	30
337	28
336	21
335	27
334	37
333	45
332	35
331	39
330	47
329	47
328	44
327	46
326	44
626	45
627	44
635	23
641	18
651	7
657	3
662	3
670	5
681	3
687	5
689	5
691	4
692	2
690	2
694	1
693	2
688	1
686	1
685	3
684	2
683	1
682	1
680	1
679	1
678	1
677	1
676	1
675	1
674	1
673	1
672	1
671	1
669	1
668	1
667	2
666	1
665	1
664	1
663	1
661	2
660	1
659	1
658	1
656	1
655	2
654	1
653	1
652	6
650	5
649	8
648	15
647	12
646	9
645	11
644	14
643	19
642	15
640	29
639	24
638	27
637	32
636	34
634	38
633	56
632	58
631	39
630	36
629	39
628	47

377960
37
time		2018-12-31 04:05:00	2019-02-03 21:25:00	2019-03-10 14:45:00	2019-04-14 08:05:00
size, max, min, ave, total
btc	0.8868	1.1569	1.3106	1.4268
50000	0.9851	1.1197	1.1805	1.2983
619	202
620	173
621	176
618	197
617	185
616	139
615	150
626	116
625	120
624	161
623	137
622	168
614	143
613	133
612	131
611	121
610	167
609	141
608	176
607	148
606	157
605	160
604	162
603	157
602	201
601	220
600	216
599	252
598	249
597	264
596	248
595	228
594	287
593	260
592	261
591	254
590	252
589	216
588	254
587	285
586	276
585	300
584	311
583	275
582	260
581	282
580	283
579	260
578	295
577	323
576	283
575	236
574	209
573	232
572	255
571	226
570	255
569	232
568	245
567	220
566	190
565	245
564	242
563	234
562	254
561	224
560	221
559	204
558	233
557	220
556	215
555	212
554	174
553	189
552	214
551	216
550	212
549	232
548	236
547	244
546	278
545	236
544	237
543	231
542	237
541	239
540	239
539	235
538	256
537	211
536	207
535	205
534	206
533	171
532	218
630	220
631	228
629	197
628	188
627	147
632	208
634	205
635	224
636	195
633	203
531	165
530	187
529	183
528	200
527	206
526	225
525	229
524	208
523	171
522	204
521	190
520	165
519	169
518	182
517	154
516	169
515	143
514	185
513	193
512	186
511	180
510	204
509	250
508	225
507	173
506	238
505	223
504	219
503	229
502	211
501	235
500	257
499	226
498	219
497	226
496	240
495	239
494	257
637	168
638	145
641	168
642	182
644	243
645	265
647	285
648	261
646	272
643	216
640	168
639	118
649	289
653	171
655	202
656	207
657	178
654	147
652	225
651	218
650	251
659	173
660	123
662	146
661	120
658	169
493	259
492	269
491	251
490	243
489	238
488	227
487	259
486	311
485	295
484	285
483	272
482	298
481	323
480	320
479	285
478	244
477	226
476	209
475	231
474	234
473	226
472	197
471	242
470	210
469	213
468	195
467	188
466	191
465	208
464	228
463	186
462	162
461	166
460	149
459	172
458	180
457	161
456	149
455	128
454	98
453	135
452	130
451	149
450	161
449	156
448	120
447	126
446	120
445	167
444	139
443	161
442	219
441	170
440	113
439	140
438	122
437	149
436	140
435	143
434	166
433	170
432	141
431	125
430	120
429	111
428	118
427	142
426	138
425	126
424	107
423	104
422	97
421	105
420	128
419	163
418	160
417	176
416	150
415	117
414	78
413	129
412	138
411	114
410	99
409	108
408	103
407	73
406	95
405	86
404	81
403	57
402	58
401	65
400	57
399	41
398	51
397	52
396	62
395	56
394	39
393	34
392	50
391	51
390	61
389	63
388	50
387	46
386	63
385	50
384	46
383	36
382	33
381	44
380	48
379	41
378	50
377	37
376	56
375	39
374	23
373	29
372	20
371	21
370	24
369	23
368	20
367	20
366	17
365	24
364	40
363	25
362	32
361	30
360	22
359	22
358	20
357	27
356	32
355	23
354	16
353	32
352	31
351	48
350	60
349	50
348	44
347	37
346	20
345	36
344	44
343	66
342	48
341	48
340	38
339	28
338	22
337	16
336	20
335	30
334	15
333	15
332	17
331	17
330	16
329	16
328	11
327	25
326	27
325	17
324	20
323	17
322	24
321	27
320	18
319	7
318	5
317	2
316	2
315	2
314	5
313	5
312	7
311	7
310	6
309	7
308	6
307	6
306	5
305	6
304	3
303	3
302	4
301	3
300	1
299	2
298	7
297	9
296	5
295	6
294	4
293	2
292	4
291	2
290	6
289	8
288	14
287	4
286	2
285	4
284	4
283	6
282	2
281	2
280	6
279	2
663	143
673	125
674	112
678	105
679	139
685	110
684	108
692	101
691	92
690	120
689	99
688	101
687	75
686	77
683	99
682	98
681	139
680	138
677	87
676	78
675	95
672	105
671	100
670	137
669	140
668	138
667	139
666	121
665	155
664	158
696	132
701	141
710	37
709	45
708	57
707	82
706	107
705	82
704	86
703	105
702	98
700	174
699	129
698	121
697	111
695	120
694	120
693	101
716	13
715	8
714	19
713	19
712	18
711	25
717	3


377960
37
time		2018-12-31 04:05:00	2019-02-03 21:25:00	2019-03-10 14:45:00	2019-04-14 08:05:00
size, max, min, ave, total
btc	0.8868	1.1569	1.3106	1.4268
50000	0.9851	1.1197	1.1805	1.2983
out	0
0	0
619	202
620	173
621	176
618	197
617	185
616	139
615	150
626	116
625	120
624	161
623	137
622	168
614	143
613	133
612	131
611	121
610	167
609	141
608	176
607	148
606	157
605	160
604	162
603	157
602	201
601	220
600	216
599	252
598	249
597	264
596	248
595	228
594	287
593	260
592	261
591	254
590	252
589	216
588	254
587	285
586	276
585	300
584	311
583	275
582	260
581	282
580	283
579	260
578	295
577	323
576	283
575	236
574	209
573	232
572	255
571	226
570	255
569	232
568	245
567	220
566	190
565	245
564	242
563	234
562	254
561	224
560	221
559	204
558	233
557	220
556	215
555	212
554	174
553	189
552	214
551	216
550	212
549	232
548	236
547	244
546	278
545	236
544	237
543	231
542	237
541	239
540	239
539	235
538	256
537	211
536	207
535	205
534	206
533	171
532	218
630	220
631	228
629	197
628	188
627	147
632	208
634	205
635	224
636	195
633	203
531	165
530	187
529	183
528	200
527	206
526	225
525	229
524	208
523	171
522	204
521	190
520	165
519	169
518	182
517	154
516	169
515	143
514	185
513	193
512	186
511	180
510	204
509	250
508	225
507	173
506	238
505	223
504	219
503	229
502	211
501	235
500	257
499	226
498	219
497	226
496	240
495	239
494	257
637	168
638	145
641	168
642	182
644	243
645	265
647	285
648	261
646	272
643	216
640	168
639	118
649	289
653	171
655	202
656	207
657	178
654	147
652	225
651	218
650	251
659	173
660	123
662	146
661	120
658	169
493	259
492	269
491	251
490	243
489	238
488	227
487	259
486	311
485	295
484	285
483	272
482	298
481	323
480	320
479	285
478	244
477	226
476	209
475	231
474	234
473	226
472	197
471	242
470	210
469	213
468	195
467	188
466	191
465	208
464	228
463	186
462	162
461	166
460	149
459	172
458	180
457	161
456	149
455	128
454	98
453	135
452	130
451	149
450	161
449	156
448	120
447	126
446	120
445	167
444	139
443	161
442	219
441	170
440	113
439	140
438	122
437	149
436	140
435	143
434	166
433	170
432	141
431	125
430	120
429	111
428	118
427	142
426	138
425	126
424	107
423	104
422	97
421	105
420	128
419	163
418	160
417	176
416	150
415	117
414	78
413	129
412	138
411	114
410	99
409	108
408	103
407	73
406	95
405	86
404	81
403	57
402	58
401	65
400	57
399	41
398	51
397	52
396	62
395	56
394	39
393	34
392	50
391	51
390	61
389	63
388	50
387	46
386	63
385	50
384	46
383	36
382	33
381	44
380	48
379	41
378	50
377	37
376	56
375	39
374	23
373	29
372	20
371	21
370	24
369	23
368	20
367	20
366	17
365	24
364	40
363	25
362	32
361	30
360	22
359	22
358	20
357	27
356	32
355	23
354	16
353	32
352	31
351	48
350	60
349	50
348	44
347	37
346	20
345	36
344	44
343	66
342	48
341	48
340	38
339	28
338	22
337	16
336	20
335	30
334	15
333	15
332	17
331	17
330	16
329	16
328	11
327	25
326	27
325	17
324	20
323	17
322	24
321	27
320	18
319	7
318	5
317	2
316	2
315	2
314	5
313	5
312	7
311	7
310	6
309	7
308	6
307	6
306	5
305	6
304	3
303	3
302	4
301	3
300	1
299	2
298	7
297	9
296	5
295	6
294	4
293	2
292	4
291	2
290	6
289	8
288	14
287	4
286	2
285	4
284	4
283	6
282	2
281	2
280	6
279	2
663	143
673	125
674	112
678	105
679	139
685	110
684	108
692	101
691	92
690	120
689	99
688	101
687	75
686	77
683	99
682	98
681	139
680	138
677	87
676	78
675	95
672	105
671	100
670	137
669	140
668	138
667	139
666	121
665	155
664	158
696	132
701	141
710	37
709	45
708	57
707	82
706	107
705	82
704	86
703	105
702	98
700	174
699	129
698	121
697	111
695	120
694	120
693	101
716	13
715	8
714	19
713	19
712	18
711	25
717	3
377960
37
time		2018-12-31 04:05:00	2019-02-03 21:25:00	2019-03-10 14:45:00	2019-04-14 08:05:00
size, max, min, ave, total
btc	0.8868	1.1569	1.3106	1.4268
50000	1.3528	1.0415	1.1776	1.876853728548288
60000	1.2811	1.0088	1.1124	1.5069570795545761
70000	1.238	0.9268	1.0808	1.3359525986938316
80000	1.0874	0.9429	1.035675	1.1437851472088787
90000	1.0868	1.0076	1.0423	1.178478698279168
100000	1.1065	0.9787	1.048575	1.2028153213796502
110000	1.0741	0.9152	1.03175	1.123032937650624
120000	1.0839	0.9282	1.0192999999999999	1.0721304015048903
130000	1.0972	0.9476	1.0360500000000001	1.144251725992128
140000	1.0814	0.9195	1.0326	1.1272212933167278
150000	1.059	0.9291	1.003425	1.0092002190125398
160000	1.1269	0.945	1.0090750000000002	1.0273452061257
170000	1.1497	0.9463	1.027575	1.1031587517087011
180000	1.1819	0.9293	1.029925	1.10768647469132
190000	1.161	0.9578	1.02355	1.084642150636674
50000	1.2983	0.9851	1.1459000000000001	1.6905306370826805
60000	1.2037	0.9771	1.121975	1.5639375068997874
70000	1.1749	0.9084	1.08215	1.3444080128622722
80000	1.1764	0.9185	1.0722749999999999	1.3002823236969276
90000	1.1884	0.9386	1.093675	1.4088304054212961
100000	1.218	0.965	1.0838999999999999	1.361384526348
110000	1.1629	0.9009	1.056275	1.2234527186577697
120000	1.095	0.8976	1.01335	1.0422223325712
130000	1.1125	0.8834	1.0083250000000001	1.019756743215
140000	1.1063	0.9013	1.0164499999999999	1.0556926834385358
150000	1.094	0.8891	1.0105	1.030809173910752
160000	1.1168	0.8975	1.0221749999999998	1.0782714156458397
170000	1.1402	0.8976	1.033175	1.122807911502816
180000	1.1564	0.8904	1.01775	1.0546281610536672
190000	1.1597	0.8692	1.00765	1.0093898566524984
377960
37

time		2018-12-31 04:05:00	2019-02-03 21:25:00	2019-03-10 14:45:00	2019-04-14 08:05:00
size, max, min, ave, total
btc	0.8868	1.1569	1.3106	1.4268
50000	1.3528	1.0415	1.1776	1.876853728548288
60000	1.2811	1.0088	1.1124	1.5069570795545761
70000	1.238	0.9268	1.0808	1.3359525986938316
80000	1.0874	0.9429	1.035675	1.1437851472088787
50000	1.2983	0.9851	1.1459000000000001	1.6905306370826805
60000	1.2037	0.9771	1.121975	1.5639375068997874
70000	1.1749	0.9084	1.08215	1.3444080128622722
80000	1.1764	0.9185	1.0722749999999999	1.3002823236969276

377960
37
time		2018-12-31 04:05:00	2019-02-03 21:25:00	2019-03-10 14:45:00	2019-04-14 08:05:00
size, max, min, ave, total
btc	0.8868	1.1569	1.3106	1.4268
50000	1.1678	0.9856	1.07355	1.3183134572016642
60000	1.1678	0.9856	1.07355	1.3183134572016642
70000	1.1678	0.9856	1.07355	1.3183134572016642
80000	1.1678	0.9856	1.07355	1.3183134572016642
50000	1.1857	0.9228	1.0383499999999999	1.1434668786212039
377960
37
time		2018-12-31 04:05:00	2019-02-03 21:25:00	2019-03-10 14:45:00	2019-04-14 08:05:00
size, max, min, ave, total
btc	0.8868	1.1569	1.3106	1.4268
377960
37
time		2018-12-31 04:05:00	2019-02-03 21:25:00	2019-03-10 14:45:00	2019-04-14 08:05:00
size, max, min, ave, total
btc	0.8868	1.1569	1.3106	1.4268
50000	1.1678	0.9859	1.0731249999999999	1.316294625450756
377960
37
time		2018-12-31 04:05:00	2019-02-03 21:25:00	2019-03-10 14:45:00	2019-04-14 08:05:00
377960
37
time		2018-12-31 04:05:00	2019-02-03 21:25:00	2019-03-10 14:45:00	2019-04-14 08:05:00
size, max, min, ave, total
377960
37
time		2018-12-31 04:05:00	2019-02-03 21:25:00	2019-03-10 14:45:00	2019-04-14 08:05:00
size, max, min, ave, total
377960
37
time		2018-12-31 04:05:00	2019-02-03 21:25:00	2019-03-10 14:45:00	2019-04-14 08:05:00
size, max, min, ave, total
btc	1.4268	0.8868	1.195275	1.9184689286739938
50000	1.415	1.0563	1.185525	1.922316636275175
60000	1.3651	1.0342	1.172525	1.8395196858517093
70000	1.3894	0.9547	1.15575	1.713873754052233
80000	1.2973	0.9509	1.105775	1.4578843220206765
50000	1.512	1.046	1.2052	2.02009845061584
60000	1.395	1.0052	1.1498	1.6948034475120002
70000	1.4938	0.9663	1.1636250000000001	1.7376673826806606
80000	1.349	0.9524	1.126825	1.562779842457464

size, max, min, ave, total
btc	1.4268	0.8868	1.195275	1.9184689286739938
50000	1.4433	1.0568	1.1895499999999999	1.9377820823657712
60000	1.3856	1.0427	1.1845999999999999	1.9131441599494523
70000	1.3742	0.9514	1.1536	1.7001569827172498
80000	1.2753	0.9493	1.08145	1.336177566254045
50000	1.4819	1.0318	1.196875	1.974621967074141
60000	1.4059	0.995	1.151275	1.6988974470990001
70000	1.4631	0.9473	1.159575	1.7198496623673956
80000	1.3995	0.9475	1.147225	1.666150922304377960
37
time		2018-12-31 04:05:00	2019-02-03 21:25:00	2019-03-10 14:45:00	2019-04-14 08:05:00
size, max, min, ave, total
btc	1.4268	0.8868	1.195275	1.9184689286739938
50000	1.4433	1.0568	1.1895499999999999	1.9377820823657712
60000	1.3856	1.0427	1.1845999999999999	1.9131441599494523
70000	1.3742	0.9514	1.1536	1.7001569827172498
80000	1.2753	0.9493	1.08145	1.336177566254045
50000	1.4819	1.0318	1.196875	1.974621967074141
60000	1.4059	0.995	1.151275	1.6988974470990001
70000	1.4631	0.9473	1.159575	1.7198496623673956
80000	1.3995	0.9475	1.147225	1.666150922304
377960
37
time		2018-12-31 04:05:00	2019-02-03 21:25:00	2019-03-10 14:45:00	2019-04-14 08:05:00
size, max, min, ave, total
btc	1.4268	0.8868	1.195275	1.9184689286739938
377960
37
time		2018-12-31 04:05:00	2019-02-03 21:25:00	2019-03-10 14:45:00	2019-04-14 08:05:00
size, max, min, ave, total
btc	1.4268	0.8868	1.195275	1.9184689286739938
50000	1.4188	1.0588	1.19355	1.972238025170363
60000	1.3436	1.0492	1.169125	1.826673762125616
70000	1.381	0.9594	1.1375250000000001	1.6127931770921877
80000	1.265	0.9508	1.0760999999999998	1.31162985809856
50000	1.5402	1.0058	1.2062249999999999	2.0113088898455787
60000	1.3502	1.0018	1.1436250000000001	1.6703282795954977
70000	1.4357	0.9785	1.160575	1.7432706355295002
80000	1.3598	0.964	1.1354	1.6118585106848637
377960
37

time		2018-12-31 04:05:00	2019-02-03 21:25:00	2019-03-10 14:45:00	2019-04-14 08:05:00
size, max, min, ave, total
btc	1.4268	0.8868	1.195275	1.9184689286739938
50000	1.4188	1.0588	1.19355	1.972238025170363
60000	1.3436	1.0492	1.169125	1.826673762125616
70000	1.381	0.9594	1.1375250000000001	1.6127931770921877
80000	1.265	0.9508	1.0760999999999998	1.31162985809856
50000	1.5402	1.0058	1.2062249999999999	2.0113088898455787
60000	1.3502	1.0018	1.1436250000000001	1.6703282795954977
70000	1.4357	0.9785	1.160575	1.7432706355295002
80000	1.3598	0.964	1.1354	1.6118585106848637
377960
37
time		2018-12-31 04:05:00	2019-02-03 21:25:00	2019-03-10 14:45:00	2019-04-14 08:05:00
size, max, min, ave, total
btc	1.4268	0.8868	1.195275	1.9184689286739938
50000	1.4188	1.0588	1.19355	1.972238025170363
60000	1.3436	1.0492	1.169125	1.826673762125616
70000	1.381	0.9594	1.1375250000000001	1.6127931770921877
80000	1.265	0.9508	1.0760999999999998	1.31162985809856
50000	1.5402	1.0058	1.2062249999999999	2.0113088898455787
60000	1.3502	1.0018	1.1436250000000001	1.6703282795954977
70000	1.4357	0.9785	1.160575	1.7432706355295002
80000	1.3598	0.964	1.1354	1.6118585106848637
377960
37
time		2018-01-17 22:45:00	2018-02-21 16:05:00	2018-03-28 09:25:00	2018-05-02 02:45:00	2018-06-05 20:05:00	2018-07-10 13:25:00	2018-08-14 06:45:00	2018-09-18 00:05:00	2018-10-22 17:25:00	2018-11-26 10:45:00	2018-12-31 04:05:00	2019-02-03 21:25:00	2019-03-10 14:45:00	2019-04-14 08:05:00	2019-05-19 01:25:00	2019-06-22 18:45:00	2019-07-27 12:05:00	2019-08-31 05:25:00	2019-10-04 22:45:00	2019-11-08 16:05:00	2019-12-13 09:25:00	2020-01-17 02:45:00	2020-02-20 20:05:00	2020-03-26 13:25:00	2020-04-30 06:45:00	2020-06-04 00:05:00
size, max, min, ave, total
btc	1.4398	0.6228	1.0160576923076923	0.8705577271047026
0.3
10000	2.5051	0.6817	1.1429615384615384	14.378482436257583
20000	2.1019	0.8407	1.1139384615384613	10.154414646508943
30000	1.8945	0.8221	1.1323192307692307	17.3041231158652
40000	1.9807	0.8102	1.1268923076923079	14.924230491073128
50000	1.7891	0.821	1.1157384615384613	12.515114550033775
60000	1.5394	0.8661	1.087546153846154	6.8282356874566315
70000	1.381	0.8318	1.059	3.7718761030534096
80000	1.7736	0.7673	1.0635192307692307	3.626158720983747
90000	1.2395	0.8301	1.044826923076923	2.747826476079031
100000	1.3163	0.8219	1.0372423076923076	2.2035260654420314
110000	1.339	0.7634	1.0376115384615383	2.1763616545669686
120000	1.3946	0.9092	1.0563846153846153	3.556188670146575
130000	1.3549	0.8834	1.0513807692307693	3.1705140687604594
140000	1.2971	0.904	1.050376923076923	3.210034424488727
150000	1.2767	0.8809	1.0552153846153847	3.612375282303219
160000	1.2989	0.8658	1.0719423076923076	5.31236059656288
170000	1.2932	0.8588	1.0588499999999998	3.9801589013168206
180000	1.363	0.9056	1.064257692307692	4.383588893817117
190000	1.3164	0.8802	1.0643076923076922	4.318968238777475
0.4
10000	2.4123	0.6579	1.1221615384615387	8.593064526802568
20000	2.33	0.7406	1.1302884615384614	12.817520993477718
30000	2.1314	0.888	1.137953846153846	18.85328687622964
40000	1.7603	0.8584	1.1195153846153847	14.079389048865343
50000	1.6293	0.8844	1.1155192307692308	14.027263540494513
60000	1.3292	0.8293	1.086630769230769	7.304949299319689
70000	1.4339	0.8207	1.0792461538461537	6.03021206137987
80000	1.5505	0.8089	1.0755576923076922	5.3074564353665865
90000	1.41	0.9055	1.0665499999999999	4.703951040544562
100000	1.1986	0.8838	1.041753846153846	2.676227828794318
110000	1.2486	0.9088	1.0473807692307693	2.9811870022897837
120000	1.2422	0.9167	1.0617538461538463	4.280425171308269
130000	1.249	0.8507	1.0385538461538464	2.3678868486810876
140000	1.2711	0.8528	1.0414038461538462	2.543426012334303
150000	1.2369	0.7932	1.0441346153846156	2.697551675891248
160000	1.2882	0.8924	1.0640192307692309	4.436258016822252
170000	1.2481	0.8372	1.0488961538461539	3.1319488295779117
180000	1.246	0.8234	1.049246153846154	3.1336702251213433
190000	1.4114	0.8421	1.05765	3.632221467770675
0.5
10000	2.2314	0.6084	1.078873076923077	3.391260949282066
20000	2.561	0.7334	1.1114769230769233	7.302826430266497
30000	2.1695	0.8716	1.1083076923076924	8.83628009570056
40000	1.7882	0.8229	1.1252653846153846	15.415378297756668
50000	2.0443	0.9169	1.1272153846153845	15.533114955205045
60000	1.5438	0.8782	1.0984807692307692	9.522486635818526
70000	1.4357	0.8838	1.0767807692307694	5.916477988035498
80000	1.3727	0.8637	1.08575	7.198307830448429
90000	1.2885	0.8978	1.0918	8.675260626574984
100000	1.2849	0.8988	1.0759576923076923	6.006546539713835
110000	1.2233	0.9017	1.060169230769231	4.117400540121253
120000	1.247	0.8956	1.0676961538461538	4.971830111759593
130000	1.2405	0.9099	1.0620461538461539	4.407455629561991
140000	1.2533	0.9358	1.0579076923076924	4.001014021806231
150000	1.2416	0.8641	1.0487884615384615	3.1026473580437437
160000	1.224	0.8684	1.0543384615384617	3.5430954750472354
170000	1.2104	0.8814	1.0504884615384615	3.3290002972075405
180000	1.3023	0.7781	1.0610346153846153	4.06117320417324
190000	1.3093	0.8226	1.0590461538461537	3.892438720920642
377960
37
time		2019-07-27 12:05:00	2019-08-31 05:25:00	2019-10-04 22:45:00	2019-11-08 16:05:00	2019-12-13 09:25:00	2020-01-17 02:45:00	2020-02-20 20:05:00	2020-03-26 13:25:00	2020-04-30 06:45:00	2020-06-04 00:05:00
size, max, min, ave, total
btc	1.2662	0.6915	1.00784	0.907765999759546
0.3
10000	2.5051	0.8188	1.1700599999999999	2.8460264106061492
20000	2.1019	0.9567	1.1530200000000002	3.0413202609622774
30000	1.8945	0.9649	1.17203	4.103841543440907
40000	1.9807	0.9781	1.17499	4.038198948878122
50000	1.7891	0.9577	1.1692699999999998	4.1289346796314845
60000	1.5394	0.8866	1.1162100000000001	2.710208324337738
70000	1.1552	0.9512	1.06509	1.8347551382159406
80000	1.2025	0.9467	1.05037	1.5939619106052203
90000	1.167	0.8694	1.03306	1.3234062027413525
time		2018-01-17 22:45:00	2018-02-21 16:05:00	2018-03-28 09:25:00	2018-05-02 02:45:00	2018-06-05 20:05:00	2018-07-10 13:25:00	2018-08-14 06:45:00	2018-09-18 00:05:00	2018-10-22 17:25:00	2018-11-26 10:45:00	2018-12-31 04:05:00	2019-02-03 21:25:00	2019-03-10 14:45:00	2019-04-14 08:05:00	2019-05-19 01:25:00	2019-06-22 18:45:00	2019-07-27 12:05:00	2019-08-31 05:25:00	2019-10-04 22:45:00	2019-11-08 16:05:00	2019-12-13 09:25:00	2020-01-17 02:45:00	2020-02-20 20:05:00	2020-03-26 13:25:00	2020-04-30 06:45:00	2020-06-04 00:05:00	2020-07-08 17:25:00
30000	1.0	1.4584	1.084	0.9909	0.8269	1.2141	1.0485	1.0398	0.9068	1.0368	0.9356	1.1448	1.048	1.2561	1.4049	1.2422	1.0185	1.094	1.2109	1.0751	1.1098	1.0468	1.0417	1.9131	1.0972	1.1394	0.9587	1.0411
time		2018-01-17 22:45:00	2018-02-21 16:05:00	2018-03-28 09:25:00	2018-05-02 02:45:00	2018-06-05 20:05:00	2018-07-10 13:25:00	2018-08-14 06:45:00	2018-09-18 00:05:00	2018-10-22 17:25:00	2018-11-26 10:45:00	2018-12-31 04:05:00	2019-02-03 21:25:00	2019-03-10 14:45:00	2019-04-14 08:05:00	2019-05-19 01:25:00	2019-06-22 18:45:00	2019-07-27 12:05:00	2019-08-31 05:25:00	2019-10-04 22:45:00	2019-11-08 16:05:00	2019-12-13 09:25:00	2020-01-17 02:45:00	2020-02-20 20:05:00	2020-03-26 13:25:00	2020-04-30 06:45:00	2020-06-04 00:05:00	2020-07-08 17:25:00

time		2018-01-17 22:45:00	2018-02-21 16:05:00	2018-03-28 09:25:00	2018-05-02 02:45:00	2018-06-05 20:05:00	2018-07-10 13:25:00	2018-08-14 06:45:00	2018-09-18 00:05:00	2018-10-22 17:25:00	2018-11-26 10:45:00	2018-12-31 04:05:00	2019-02-03 21:25:00	2019-03-10 14:45:00	2019-04-14 08:05:00	2019-05-19 01:25:00	2019-06-22 18:45:00	2019-07-27 12:05:00	2019-08-31 05:25:00	2019-10-04 22:45:00	2019-11-08 16:05:00	2019-12-13 09:25:00	2020-01-17 02:45:00	2020-02-20 20:05:00	2020-03-26 13:25:00	2020-04-30 06:45:00	2020-06-04 00:05:00	2020-07-08 17:25:00
btc	1	0.9418	0.7641	1.1972	0.8281	0.901	0.9468	1.017	1.0204	0.6228	0.9354	0.8868	1.1569	1.3106	1.4268	1.4398	0.9436	0.9296	0.8549	1.148	0.7847	1.2129	1.1267	0.6915	1.2662	1.1041	0.9598	1.1855
30000	1.0	1.4584	1.084	0.9909	0.8269	1.2141	1.0485	1.0398	0.9068	1.0368	0.9356	1.1448	1.048	1.2561	1.4049	1.2422	1.0185	1.094	1.2109	1.0751	1.1098	1.0468	1.0417	1.9131	1.0972	1.1394	0.9587	1.0411
time		2018-01-17 22:45:00	2018-02-21 16:05:00	2018-03-28 09:25:00	2018-05-02 02:45:00	2018-06-05 20:05:00	2018-07-10 13:25:00	2018-08-14 06:45:00	2018-09-18 00:05:00	2018-10-22 17:25:00	2018-11-26 10:45:00	2018-12-31 04:05:00	2019-02-03 21:25:00	2019-03-10 14:45:00	2019-04-14 08:05:00	2019-05-19 01:25:00	2019-06-22 18:45:00	2019-07-27 12:05:00	2019-08-31 05:25:00	2019-10-04 22:45:00	2019-11-08 16:05:00	2019-12-13 09:25:00	2020-01-17 02:45:00	2020-02-20 20:05:00	2020-03-26 13:25:00	2020-04-30 06:45:00	2020-06-04 00:05:00	2020-07-08 17:25:00
btc	1	0.9418	0.7641	1.1972	0.8281	0.901	0.9468	1.017	1.0204	0.6228	0.9354	0.8868	1.1569	1.3106	1.4268	1.4398	0.9436	0.9296	0.8549	1.148	0.7847	1.2129	1.1267	0.6915	1.2662	1.1041	0.9598	1.1855
30000	1.0	0.7949	1.1306	1.0927	1.0466	1.0144	1.2693	1.0393	1.0458	1.2834	0.9911	0.9838	1.0132	1.1617	1.1741	1.11	0.933	1.0866	1.0604	1.0397	1.0489	1.0714	0.9538	1.8996	0.9948	1.078	0.9515	1.1173
377960
37
time		2019-07-27 12:05:00	2019-08-31 05:25:00	2019-10-04 22:45:00	2019-11-08 16:05:00	2019-12-13 09:25:00	2020-01-17 02:45:00	2020-02-20 20:05:00	2020-03-26 13:25:00	2020-04-30 06:45:00	2020-06-04 00:05:00
size, max, min, ave, total
btc	1.2662	0.6915	1.0078	0.9078
0.3
10000	2.5051	0.8188	1.1701	2.846
11000	2.6058	0.8018	1.1824	3.0428
12000	2.4873	0.8477	1.1825	3.2389
13000	2.5701	0.887	1.1902	3.4184
14000	2.9243	0.9142	1.2324	4.1771
15000	3.0657	0.9089	1.2614	5.1014
16000	2.8081	0.9474	1.2395	4.8163
17000	2.6958	0.9607	1.2315	4.7651
18000	2.4121	0.9379	1.1993	4.0523
19000	2.0157	0.9323	1.1463	2.9365
20000	2.1019	0.9567	1.153	3.0413
21000	2.1372	0.9527	1.1543	3.0654
22000	2.299	0.9576	1.1676	3.2141
23000	2.2332	0.9509	1.1521	2.8813
24000	2.3965	0.939	1.1609	2.8747
25000	2.1377	0.9601	1.1499	2.9706
26000	2.3478	0.9609	1.1772	3.4825
27000	2.1798	0.9608	1.1708	3.5831
28000	1.9407	0.9666	1.1545	3.4236
29000	2.0156	0.967	1.1654	3.6918
30000	1.8945	0.9649	1.172	4.1038
31000	1.9338	0.9846	1.1867	4.6366
32000	1.9336	0.9909	1.1892	4.7179
33000	1.8759	0.9764	1.1905	4.8521
34000	1.9376	0.969	1.2018	5.2592
35000	1.8403	0.9737	1.1814	4.5168
36000	1.8863	0.9832	1.1797	4.3645
37000	1.9947	0.9745	1.1766	4.1027
38000	1.9663	0.976	1.1706	3.9258
39000	2.092	0.972	1.1885	4.3682
40000	1.9807	0.9781	1.175	4.0382
41000	2.1519	0.9599	1.197	4.5599
42000	2.0151	0.9552	1.1869	4.4221
43000	2.0049	0.9708	1.2018	5.0801
44000	1.9644	0.9596	1.1955	4.8799
45000	2.0533	0.9678	1.1908	4.5202
46000	1.7086	0.9785	1.1631	4.0097
47000	1.7135	0.9658	1.1578	3.7876
48000	1.7759	0.9796	1.1622	3.8732
49000	1.7028	0.9552	1.1493	3.5382
50000	1.7891	0.9577	1.1693	4.1289
51000	1.7305	0.9415	1.1551	3.6891
52000	1.8028	0.9414	1.1662	3.9875
53000	1.9219	0.9427	1.1705	3.9666
54000	1.9963	0.9204	1.1805	4.2115
55000	1.6986	0.902	1.1432	3.3404
56000	1.6967	0.9073	1.142	3.2941
57000	1.7994	0.9078	1.1552	3.6076
58000	1.7965	0.9091	1.15	3.444
59000	1.6007	0.8971	1.1299	3.0337
60000	1.5394	0.8866	1.1162	2.7102
377960
37
time		2019-12-13 09:25:00	2020-01-17 02:45:00	2020-02-20 20:05:00	2020-03-26 13:25:00	2020-04-30 06:45:00	2020-06-04 00:05:00
size, max, min, ave, total
btc	1.2662	0.6915	1.0602	1.268
0.3
10000	2.5051	0.8188	1.203	1.8283
11000	2.6058	0.8018	1.2265	1.9755
12000	2.4873	0.8477	1.2076	1.919
13000	2.5701	0.887	1.2407	2.2366
14000	2.9243	0.9142	1.3118	2.7564
15000	3.0657	0.9089	1.356	3.2633
16000	2.8081	0.9474	1.3132	2.9979
17000	2.6958	0.9607	1.2935	2.8623
18000	2.4121	0.9379	1.2394	2.4543
19000	2.0157	0.9323	1.1444	1.7263
20000	2.1019	0.9629	1.1738	1.9782
21000	2.1372	0.9527	1.185	2.0757
22000	2.299	0.9576	1.2024	2.1085
23000	2.2332	0.9509	1.1852	1.9718
24000	2.3965	0.939	1.2095	2.0768
25000	2.1377	0.9601	1.1791	2.0023
26000	2.3478	0.9609	1.2292	2.3992
27000	2.1798	0.9608	1.2258	2.5723
28000	1.9407	0.9666	1.1866	2.2921
29000	2.0156	0.967	1.2057	2.4833
30000	1.8945	0.9649	1.2023	2.5579
31000	1.9338	0.9846	1.2231	2.8373
32000	1.9336	0.9909	1.2274	2.9036
33000	1.8759	0.9764	1.2157	2.7785
34000	1.9376	0.969	1.2366	3.0376
35000	1.8403	0.9737	1.2164	2.8236
36000	1.8863	0.9832	1.209	2.6716
37000	1.9947	0.9745	1.2182	2.6916
38000	1.9663	0.976	1.2061	2.5455
39000	2.092	0.972	1.2299	2.7421
40000	1.9807	0.9781	1.2004	2.4388
41000	2.1519	0.9599	1.2351	2.7376
42000	2.0151	0.9552	1.2153	2.6056
43000	2.0049	0.9708	1.2289	2.8244
44000	1.9644	0.9596	1.2121	2.6217
45000	2.0533	0.9678	1.2227	2.6748
46000	1.7086	0.9785	1.175	2.356
47000	1.7135	0.9658	1.1612	2.1774
48000	1.7759	0.9796	1.1682	2.2191
49000	1.7028	0.9552	1.1506	2.0602
50000	1.7891	0.9577	1.18	2.3561
51000	1.7305	0.9415	1.1648	2.2053
52000	1.8028	0.9414	1.1799	2.3352
53000	1.9219	0.9427	1.1957	2.4369
54000	1.9963	0.9204	1.2079	2.5214
55000	1.6986	0.902	1.1469	2.0079
56000	1.6967	0.9073	1.1468	2.0097
57000	1.7994	0.9078	1.1729	2.2395
58000	1.7965	0.9091	1.1646	2.1401
59000	1.6007	0.8971	1.1242	1.816
60000	1.5394	0.8866	1.0992	1.6026

